200 11 14 9 7 10 3 4 15 10 4 13 15 20 15 17 2 9 20 9 2 6 5 12 8 1 20 14 6 14 10 13 7 9 9 16 4 14 15 14 17 5 3 18 3 19 5 6 2 10 8 6 8 17 18 17 10 7 17 18 15 19 18 17 6 13 9 14 4 19 11 17 18 4 7 4 9 20 4 16 19 3 4 9 18 5 15 9 1 14 14 18 2 19 2 20 17 9 10 17 8 4 19 2 12 9 13 16 5 16 14 1 11 19 14 15 20 11 11 15 16 18 20 16 9 17 12 16 12 14 1 17 8 2 1 7 2 9 13 11 10 4 3 1 18 3 17 10 4 10 3 9 17 4 2 8 17 13 6 11 20 11 11 8 14 15 18 11 5 6 15 15 2 3 13 9 11 19 4 7 9 1 1 19 16 6 13 19 2 19 20 2 1 10 10 17 13 9 4 18 13
656
1 28
1 47
1 53
1 88
1 115
1 130
2 9
2 26
2 111
2 156
3 36
3 48
3 69
3 71
3 77
3 169
5 67
5 77
5 103
6 3
6 22
6 24
6 88
6 144
6 156
7 17
7 36
7 90
7 99
7 142
7 150
7 167
7 168
7 175
7 187
8 21
8 106
8 109
8 130
8 160
8 170
8 182
9 41
9 43
9 117
9 124
9 155
13 25
13 45
13 48
13 118
13 123
14 11
14 25
14 32
14 107
14 158
14 178
14 200
15 26
15 45
15 56
15 72
15 86
15 149
15 163
15 173
15 181
16 24
16 58
17 71
17 103
17 123
17 158
17 188
19 40
19 80
19 114
19 168
20 54
20 77
20 86
20 146
21 46
21 77
21 118
21 135
22 53
22 93
22 162
23 53
23 62
23 100
23 101
23 118
23 125
23 158
25 49
25 61
25 73
25 86
25 102
25 138
25 179
28 99
28 139
28 180
29 26
29 46
29 94
29 157
29 172
29 184
29 187
29 188
29 192
29 199
30 18
30 72
30 182
31 4
31 5
31 26
31 48
31 68
31 78
31 86
31 124
31 126
31 139
31 191
32 180
33 39
34 181
35 97
35 102
35 122
35 157
35 164
35 190
36 12
36 41
36 48
36 88
36 109
36 137
36 161
37 52
37 114
38 58
38 67
38 105
38 183
40 66
40 86
41 10
41 151
42 64
42 78
42 127
42 192
43 83
43 158
44 86
44 109
44 120
44 124
44 175
44 199
45 9
45 11
45 18
45 27
45 33
45 96
45 141
46 62
46 74
46 77
46 125
46 188
47 40
47 78
47 89
47 120
47 143
48 123
49 102
49 165
50 182
50 185
51 77
51 91
51 93
51 182
53 109
54 103
55 100
55 161
56 12
56 20
56 113
57 17
57 110
57 127
58 131
58 138
59 91
60 5
60 196
61 27
61 32
61 43
61 103
61 157
62 32
62 71
62 78
62 182
63 29
63 83
63 87
63 91
63 138
63 154
63 165
63 196
64 9
64 102
64 120
64 131
65 13
65 94
65 95
65 130
65 133
65 139
65 168
65 170
67 66
67 139
68 18
68 151
68 183
69 77
70 61
70 163
70 164
70 181
71 183
72 28
72 40
72 169
73 125
74 39
74 52
74 165
74 185
76 27
76 41
76 53
76 77
76 191
78 12
79 10
79 109
79 188
80 24
80 64
80 147
81 32
81 43
81 142
81 168
82 81
82 175
83 10
84 67
84 69
84 151
84 159
84 168
85 70
85 73
85 74
85 99
85 168
85 185
87 86
87 142
87 179
89 27
89 50
90 30
90 52
90 93
90 185
91 41
91 159
92 23
92 36
92 94
92 107
93 43
94 112
94 145
94 158
94 162
94 182
94 193
95 159
96 51
96 53
96 66
96 86
96 87
96 103
96 125
96 132
96 137
97 148
98 61
98 62
98 148
98 164
98 179
98 194
99 4
99 11
99 24
100 71
100 87
100 101
100 124
102 4
102 41
102 62
104 37
104 178
104 194
105 155
105 159
106 47
106 97
107 29
107 69
107 73
107 148
107 168
108 71
108 133
109 83
111 71
111 138
111 142
111 191
112 67
112 86
113 76
113 78
113 102
113 112
113 155
113 165
114 43
115 36
115 123
115 124
115 139
115 180
116 132
116 147
117 11
117 185
118 67
118 87
118 103
118 114
118 191
119 35
119 51
119 67
119 73
119 88
119 93
119 106
119 127
119 147
119 165
120 12
120 39
120 60
120 158
121 33
121 88
121 89
121 135
121 196
125 137
126 83
127 36
127 61
127 101
127 188
128 25
128 42
128 75
128 83
128 99
128 106
128 132
128 163
128 200
129 47
129 75
129 94
129 154
129 200
130 80
130 146
131 5
131 12
131 123
131 191
132 10
132 183
133 94
133 116
133 179
133 183
134 31
134 39
134 76
134 84
134 119
134 125
134 155
134 182
135 18
135 24
135 32
135 87
136 3
136 36
136 146
137 27
138 88
140 24
140 37
140 49
140 60
140 67
140 179
141 11
141 30
141 88
141 117
141 200
143 83
143 95
143 101
144 5
144 36
144 41
144 47
144 77
144 200
145 88
146 33
146 142
146 180
147 12
147 43
148 180
149 13
149 28
149 35
149 98
149 118
149 120
149 156
149 196
150 16
150 46
150 48
150 72
150 79
150 137
152 32
152 154
153 44
153 95
153 116
153 141
154 26
154 54
154 62
154 75
154 141
154 146
154 147
154 173
155 142
156 27
156 46
156 51
156 70
156 78
156 126
156 137
156 184
156 193
157 11
157 39
157 132
160 13
160 29
160 37
160 60
160 116
160 165
161 183
161 188
162 116
162 123
163 37
163 114
163 151
164 12
164 48
164 80
164 117
164 191
164 194
166 145
166 158
166 163
166 168
167 20
167 46
167 78
167 109
167 168
168 109
168 147
168 180
169 24
170 12
170 26
170 37
170 49
170 51
170 59
170 85
170 129
170 148
170 180
170 191
171 17
171 19
171 67
171 82
171 87
171 148
172 53
172 60
172 73
172 120
172 148
172 182
172 188
172 194
173 54
173 88
173 104
173 138
173 157
173 168
174 39
174 49
174 137
174 142
174 144
174 146
174 170
175 10
176 12
176 96
176 168
177 70
177 119
177 165
177 195
178 88
178 124
179 11
179 139
180 53
181 25
181 32
181 62
181 74
181 166
182 5
185 151
185 183
186 4
186 11
186 102
187 32
187 61
187 135
187 163
187 188
189 19
189 47
189 69
189 74
189 79
189 87
189 95
189 118
189 168
190 24
191 43
191 142
192 75
192 181
193 32
193 37
193 60
193 79
193 122
193 127
193 155
193 159
194 71
194 105
195 34
195 87
195 103
196 66
197 63
197 140
197 143
198 148
198 179
199 114
199 187
200 12
200 36
200 95
200 99
200 114
200 155
200 162
195
15
16
17
18
19
20
21
22
23
24
25
26
27
28
29
30
31
32
33
34
35
36
37
38
39
40
41
42
43
44
45
46
47
48
49
50
51
52
53
54
55
56
57
58
59
60
61
62
63
64
65
66
67
68
69
70
71
72
73
74
75
76
77
78
79
80
81
82
83
84
85
86
87
88
89
90
91
92
93
94
95
96
97
98
99
100
101
102
103
104
105
106
107
108
109
110
111
112
113
114
115
116
117
118
119
120
121
122
123
124
125
126
127
128
129
130
131
132
133
134
135
136
137
138
139
140
141
142
143
144
145
146
147
148
149
150
151
152
153
154
155
156
157
158
159
160
161
162
163
164
165
166
167
168
169
170
171
172
173
174
175
176
177
178
179
180
181
182
183
184
185
186
187
188
189
190
191
192
193
194
195
196
197
198
199
200
